95		
西门	0	1
路口1	0	2
体育场北门	0	3
体育场南门	0	4
路口2	0	5
路口3	0	6
学生公寓E区	0	7
学生公寓C区	0	8
学生公寓A区	0	9
学生公寓S2区	0	10
学生公寓S3区	0	11
路口4	0	12
路口5	0	13
路口6	0	14
学生公寓S4区	0	15
学生公寓S5区	0	16
路口7	0	17
路口8	0	18
路口9	0	19
路口10	0	20
学生宿舍S6区	0	21
路口11	0	22
路口12	0	23
路口13	0	24
路口14	0	25
学生食堂	0	26
教工食堂	0	27
路口15	0	28
医务室	0	29
综合办公楼	0	30
学生活动中心	0	31
路口16	0	32
图书馆西	0	33
路口18	0	34
教学楼N	0	35
路口19	0	36
路口20	0	37
南门	0	38
东配楼	0	39
图书馆东	0	40
教学楼S1	0	41
实验楼S2	0	42
实验楼S3	0	43
北邮科技酒店	1	44
学九公寓	1	45
青年公寓	1	46
学十三公寓	1	47
鸿通楼	1	48
路口21	1	49
学十公寓	1	50
综合食堂	1	51
学八公寓	1	52
喷泉大电视	1	53
学四公寓	1	54
学二公寓	1	55
北门	1	56
学生活动中心	1	57
路口22	1	58
路口23	1	59
图书馆	1	60
行政办公楼	1	61
教四楼	1	62
校训石	1	63
西门	1	64
车库	1	65
教三楼	1	66
路口23	1	67
校医院	1	68
学五公寓	1	69
教三楼	1	70
教一楼	1	71
主楼	1	72
教二楼	1	73
中门	1	74
路口24	1	75
南门	1	76
学生活动中心	1	77
小松林	1	78
教二楼	1	79
学六公寓	1	80
科研大楼	1	81
学生食堂	1	82
篮球场	1	83
教一楼	1	84
科学会堂	1	85
创新中心	1	86
东北门	1	87
基建处	1	88
东门	1	89
体育馆	1	90
体育场	1	91
路口24	1	92
路口25	1	93
路口26	1	94
明光楼出版社	1	95

201					
0	1	5	1	270	1
0	2	3	1	100	1
0	2	7	2	100	1
0	3	4	1	60	1
0	3	8	1	50	1
0	4	5	1	100	1
0	5	6	1	400	1
0	5	9	1	100	1
0	6	22	1	150	1
0	7	28	2	50	1
0	8	27	1	100	1
0	9	25	1	50	1
0	10	12	2	100	1
0	10	24	2	80	1
0	11	12	2	70	1
0	12	13	2	40	1
0	13	14	2	60	1
0	13	17	2	70	1
0	14	15	2	40	1
0	15	16	2	50	1
0	16	20	1	60	1
0	16	23	1	60	1
0	17	18	2	60	1
0	18	19	2	40	1
0	19	20	2	50	1
0	19	21	2	100	1
0	20	22	1	90	1
0	20	37	1	250	1
0	22	37	2	400	1
0	23	24	1	100	1
0	23	36	1	250	1
0	24	25	1	80	1
0	25	26	1	90	1
0	25	31	1	120	1
0	26	27	1	50	1
0	27	28	1	100	1
0	27	30	1	110	1
0	28	29	2	110	1
0	29	30	1	100	1
0	29	32	2	140	1
0	30	31	1	170	1
0	30	33	1	140	1
0	31	34	1	140	1
0	32	33	1	100	1
0	32	39	2	240	1
0	33	34	1	170	1
0	34	35	1	100	1
0	34	41	1	240	1
0	35	36	1	70	1
0	36	37	1	90	1
0	36	42	1	240	1
0	37	38	1	150	1
0	37	43	1	240	1
0	39	40	1	110	1
0	40	41	1	160	1
0	41	42	1	170	1
0	42	43	1	90	1
1	44	50	1	100	1
1	45	46	1	50	1
1	45	51	1	100	1
1	46	47	1	110	1
1	46	52	1	100	1
1	47	54	1	100	1
1	47	48	1	150	1
1	48	55	1	100	1
1	48	62	1	150	1
1	49	50	1	50	1
1	50	51	1	50	1
1	51	52	1	50	1
1	51	57	1	100	1
1	52	53	1	50	1
1	52	58	2	100	1
1	53	54	1	50	1
1	53	59	1	100	1
1	53	69	1	70	1
1	54	55	1	150	1
1	54	60	1	100	1
1	55	61	1	100	1
1	56	57	1	100	1
1	57	58	1	50	1
1	58	59	1	50	1
1	58	77	1	40	1
1	59	60	1	50	1
1	60	61	1	150	1
1	60	78	1	40	1
1	61	71	1	150	1
1	61	83	1	200	1
1	62	63	1	75	1
1	62	71	1	200	1
1	63	64	1	50	1
1	63	65	1	75	1
1	65	66	1	75	1
1	65	70	1	100	1
1	66	67	1	75	1
1	67	73	1	200	1
1	68	74	1	180	1
1	70	72	1	100	1
1	71	72	1	150	1
1	71	84	1	200	1
1	72	73	1	150	1
1	72	79	1	100	1
1	73	74	1	50	1
1	73	86	1	200	1
1	74	75	1	180	1
1	74	93	1	300	1
1	75	76	1	100	1
1	77	78	1	100	1
1	77	81	1	160	1
1	79	85	1	100	1
1	80	81	1	100	1
1	80	87	1	200	1
1	81	82	1	100	1
1	82	83	1	150	1
1	82	88	1	200	1
1	83	84	1	150	1
1	83	89	1	100	1
1	84	85	1	150	1
1	84	90	1	100	1
1	85	86	1	150	1
1	85	91	1	100	1
1	86	92	1	100	1
1	87	88	1	200	1
1	88	89	1	200	1
1	89	90	1	260	1
1	90	91	1	150	1
1	91	92	1	150	1
1	93	94	1	30	1
1	94	95	1	50	1
0	2	8	2	130	1
0	7	8	2	130	1
0	7	27	2	120	1
0	4	8	2	60	1
0	8	9	2	150	1
0	8	26	2	100	1
0	4	9	2	100	1
0	4	26	2	100	1
0	9	26	2	100	1
0	26	30	2	100	1
0	26	31	2	100	1
0	30	34	2	150	1
0	33	40	2	200	1
0	35	41	2	200	1
0	35	42	2	200	1
1	56	80	2	230	1
1	57	80	2	200	1
1	58	78	2	130	1
1	59	77	2	100	1
1	60	77	2	130	1
1	59	78	2	100	1
1	59	54	2	150	1
1	53	60	2	150	1
1	53	47	2	150	1
1	54	69	2	130	1
1	55	71	2	150	1
1	55	62	2	150	1
1	48	71	2	240	1
1	61	62	2	240	1
1	62	70	2	150	1
1	70	71	2	150	1
1	62	72	2	240	1
1	65	71	2	240	1
1	63	71	2	180	1
1	63	72	2	180	1
1	70	73	2	180	1
1	70	66	2	150	1
1	65	73	2	240	1
1	73	85	2	240	1
1	72	86	2	240	1
1	73	79	2	150	1
1	79	86	2	150	1
1	71	85	2	240	1
1	72	84	2	240	1
1	71	83	2	240	1
1	61	84	2	240	1
1	61	82	2	240	1
1	60	83	2	240	1
1	57	77	2	100	1
1	77	82	2	140	1
1	78	81	2	140	1
1	81	87	2	150	1
1	81	88	2	150	1
1	80	88	2	260	1
1	82	87	2	260	1
1	83	90	2	160	1
1	84	89	2	160	1
1	84	91	2	160	1
1	85	90	2	160	1
1	85	92	2	160	1
1	86	91	2	160	1
1	47	55	2	200	1
1	48	54	2	200	1
1	54	61	2	200	1
1	55	60	2	200	1
0	16	36	2	220	1
0	23	37	2	240	1
0	36	43	2	240	1
0	37	42	2	240	1
0	24	35	2	200	1
0	24	31	2	160	1
0	24	34	2	230	1
0	24	36	2	240	1
